starting up iris model service
 * Serving Flask app 'connect'
 * Debug mode: off
WARNING: This is a development server. Do not use it in a production deployment. Use a production WSGI server instead.
 * Running on http://127.0.0.1:5000
Press CTRL+C to quit
127.0.0.1 - - [29/Apr/2024 18:41:15] "POST /iris/dataset HTTP/1.1" 200 -

Epoch 1/10
960/960 [==============================] - 2s 1ms/step - loss: 1.2551 - accuracy: 0.7760
Epoch 2/10
960/960 [==============================] - 1s 1ms/step - loss: 0.4213 - accuracy: 0.9146
Epoch 3/10
960/960 [==============================] - 1s 1ms/step - loss: 0.2594 - accuracy: 0.9490
Epoch 4/10
960/960 [==============================] - 1s 1ms/step - loss: 0.2053 - accuracy: 0.9510
Epoch 5/10
960/960 [==============================] - 1s 1ms/step - loss: 0.2385 - accuracy: 0.9563
Epoch 6/10
960/960 [==============================] - 1s 1ms/step - loss: 0.1506 - accuracy: 0.9646
Epoch 7/10
960/960 [==============================] - 1s 1ms/step - loss: 0.1665 - accuracy: 0.9688
Epoch 8/10
960/960 [==============================] - 1s 1ms/step - loss: 0.1813 - accuracy: 0.9708
Epoch 9/10
960/960 [==============================] - 1s 1ms/step - loss: 0.1459 - accuracy: 0.9708
Epoch 10/10
960/960 [==============================] - 1s 1ms/step - loss: 0.1718 - accuracy: 0.9729
{'loss': [1.2550926208496094, 0.4212810695171356, 0.25939318537712097, 0.20531992614269257, 0.2385227233171463, 0.1505996733903885, 0.16648857295513153, 0.1813279241323471, 0.1458592563867569, 0.17176704108715057], 'accuracy': [0.7760416865348816, 0.9145833253860474, 0.9489583373069763, 0.9510416388511658, 0.956250011920929, 0.9645833373069763, 0.96875, 0.9708333611488342, 0.9708333611488342, 0.9729166626930237]}
Test loss: 0.2605796158313751
Test accuracy: 0.9375
8/8 [==============================] - 0s 1ms/step
Actual: [0 0 0 0 1 1 0 2 2 2 0 2 0 0 0 1 2 0 0 2 2 2 2 2 2 0 1 0 2 2 0 0 2 1 1 2 0
 2 2 1 2 0 1 0 1 1 0 2 2 1 1 2 2 2 2 2 0 0 1 2 0 1 0 1 2 1 1 1 1 2 1 2 1 1
 1 2 2 2 0 1 2 2 1 0 0 2 0 1 1 2 1 1 2 0 1 0 1 2 2 1 1 0 1 2 0 0 0 2 0 2 0
 1 2 2 1 1 1 1 2 2 0 1 1 0 2 1 2 2 1 2 1 1 1 1 2 2 2 2 0 0 0 2 0 2 2 1 0 2
 1 2 2 1 1 0 1 0 0 1 0 1 0 1 2 0 0 0 1 0 2 2 2 2 2 2 1 1 1 1 2 0 1 1 1 2 1
 2 1 0 2 2 1 1 0 0 2 1 0 1 0 1 0 2 2 2 0 0 1 1 1 2 0 2 0 1 0 2 1 1 2 1 2 1
 2 2 1 0 0 0 2 1 1 2 1 0 2 2 0 1 1 2]
Predicted: [0 0 0 0 1 1 0 2 2 2 0 2 0 0 0 1 2 0 0 2 2 2 2 2 2 0 1 0 2 2 0 0 2 1 1 2 0
 2 2 2 2 0 1 0 1 1 0 2 2 1 1 2 2 2 2 2 0 0 1 2 0 1 0 1 2 1 2 1 1 2 1 2 1 1
 1 2 2 2 0 1 2 2 2 0 0 2 0 1 2 2 1 1 2 0 1 0 2 2 2 1 1 0 1 2 0 0 0 2 0 2 0
 1 2 2 1 1 1 1 2 2 0 1 1 0 2 1 2 2 2 2 1 1 1 1 2 2 2 2 0 0 0 2 0 2 2 1 0 2
 1 2 2 1 1 0 1 0 0 1 0 1 0 1 2 0 0 0 1 0 2 2 2 2 2 2 1 2 2 2 2 0 1 1 1 2 1
 2 2 0 2 2 1 1 0 0 2 1 0 1 0 2 0 2 2 2 0 0 1 2 1 2 0 2 0 2 0 2 1 2 2 1 2 1
 2 2 1 0 0 0 2 1 1 2 2 0 2 2 0 1 1 2]
Confusion matrix on test data is [[68  0  0]
 [ 0 69 15]
 [ 0  0 88]]
Precision Score on test data is [1.         1.         0.85436893]
Recall Score on test data is [1.         0.82142857 1.        ]
127.0.0.1 - - [29/Apr/2024 18:41:29] "POST /iris/model HTTP/1.1" 200 -
Epoch 1/10
960/960 [==============================] - 1s 1ms/step - loss: 0.1441 - accuracy: 0.9708
Epoch 2/10
960/960 [==============================] - 1s 973us/step - loss: 0.1338 - accuracy: 0.9719
Epoch 3/10
960/960 [==============================] - 1s 974us/step - loss: 0.1769 - accuracy: 0.9677
Epoch 4/10
960/960 [==============================] - 1s 1ms/step - loss: 0.1622 - accuracy: 0.9750
Epoch 5/10
960/960 [==============================] - 1s 1ms/step - loss: 0.1359 - accuracy: 0.9719
Epoch 6/10
960/960 [==============================] - 1s 1ms/step - loss: 0.1109 - accuracy: 0.9750
Epoch 7/10
960/960 [==============================] - 1s 1ms/step - loss: 0.1273 - accuracy: 0.9750
Epoch 8/10
960/960 [==============================] - 1s 1ms/step - loss: 0.1212 - accuracy: 0.9833
Epoch 9/10
960/960 [==============================] - 1s 1ms/step - loss: 0.1149 - accuracy: 0.9781
Epoch 10/10
960/960 [==============================] - 1s 1ms/step - loss: 0.1205 - accuracy: 0.9760
{'loss': [0.1440788209438324, 0.13378356397151947, 0.17691810429096222, 0.16224902868270874, 0.13587787747383118, 0.11092841625213623, 0.12729553878307343, 0.12116748839616776, 0.11493527144193649, 0.12049689888954163], 'accuracy': [0.9708333611488342, 0.971875011920929, 0.9677083492279053, 0.9750000238418579, 0.971875011920929, 0.9750000238418579, 0.9750000238418579, 0.9833333492279053, 0.9781249761581421, 0.9760416746139526]}
Test loss: 0.4948198199272156
Test accuracy: 0.9458333253860474
8/8 [==============================] - 0s 2ms/step
Actual: [0 0 0 0 1 1 0 2 2 2 0 2 0 0 0 1 2 0 0 2 2 2 2 2 2 0 1 0 2 2 0 0 2 1 1 2 0
 2 2 1 2 0 1 0 1 1 0 2 2 1 1 2 2 2 2 2 0 0 1 2 0 1 0 1 2 1 1 1 1 2 1 2 1 1
 1 2 2 2 0 1 2 2 1 0 0 2 0 1 1 2 1 1 2 0 1 0 1 2 2 1 1 0 1 2 0 0 0 2 0 2 0
 1 2 2 1 1 1 1 2 2 0 1 1 0 2 1 2 2 1 2 1 1 1 1 2 2 2 2 0 0 0 2 0 2 2 1 0 2
 1 2 2 1 1 0 1 0 0 1 0 1 0 1 2 0 0 0 1 0 2 2 2 2 2 2 1 1 1 1 2 0 1 1 1 2 1
 2 1 0 2 2 1 1 0 0 2 1 0 1 0 1 0 2 2 2 0 0 1 1 1 2 0 2 0 1 0 2 1 1 2 1 2 1
 2 2 1 0 0 0 2 1 1 2 1 0 2 2 0 1 1 2]
Predicted: [0 0 0 0 1 1 0 2 2 2 0 2 0 0 0 1 2 0 0 2 2 2 2 2 2 0 1 0 2 2 0 0 2 1 1 2 0
 2 1 1 2 0 1 0 1 1 0 2 2 1 1 2 2 2 2 1 0 0 1 2 0 1 0 1 2 1 1 1 1 2 1 2 1 1
 1 2 2 2 0 1 1 1 1 0 0 2 0 1 1 2 1 1 2 0 1 0 1 1 1 1 1 0 1 2 0 0 0 2 0 2 0
 1 2 2 1 1 1 1 2 2 0 1 1 0 2 1 2 1 1 2 1 1 1 1 2 2 2 1 0 0 0 2 0 1 2 1 0 2
 1 2 2 1 1 0 1 0 0 1 0 1 0 1 2 0 0 0 1 0 2 2 2 2 1 2 1 1 1 1 2 0 1 1 1 2 1
 2 1 0 2 2 1 1 0 0 2 1 0 1 0 1 0 2 1 2 0 0 1 1 1 2 0 2 0 1 0 2 1 1 2 1 2 1
 2 2 1 0 0 0 2 1 1 1 1 0 2 2 0 1 1 1]
Confusion matrix on test data is [[68  0  0]
 [ 0 84  0]
 [ 0 13 75]]
Precision Score on test data is [1.         0.86597938 1.        ]
Recall Score on test data is [1.         1.         0.85227273]
127.0.0.1 - - [29/Apr/2024 18:41:40] "PUT /iris/model/0?dataset=0 HTTP/1.1" 200 -
1/1 [==============================] - 0s 33ms/step
[[1.0000000e+00 2.3368134e-17 0.0000000e+00]]
0
127.0.0.1 - - [29/Apr/2024 18:41:40] "GET /iris/model/0?fields=161.8,0,5.16,3.41,1.64,0.26,17.5956,0.4264,1.5131964809384164,6.3076923076923075,3.1463414634146343,13.115384615384615,3.5200000000000005,3.1500000000000004,5.33,18.33,53.21,4.194710955477147,0.6529931086925803,41.265478424015015 HTTP/1.1" 200 -
  y = column_or_1d(y, warn=True)
Test loss: 0.3183068037033081
Test accuracy: 0.95333331823349
38/38 [==============================] - 0s 881us/step
Actual: [0 0 0 ... 2 2 2]
Predicted: [0 0 0 ... 2 2 2]
Confusion matrix on test data is [[400, 0, 0], [0, 399, 1], [0, 55, 345]]
Precision Score on test data is [1.0, 0.8788546255506607, 0.9971098265895953]
Recall Score on test data is [1.0, 0.9975, 0.8625]
127.0.0.1 - - [29/Apr/2024 18:41:40] "GET /iris/model/0/test?dataset=0 HTTP/1.1" 200 -